1012.015263	-563.392132	-385.248285	-80.713435	-236.930936	184.659267	-84.177007	36.171155	74.176430	72.113363	-23.571235	-22.296337	58.977877	-30.256398	-8.183934	40.955553	1.000000	
639.857956	261.101567	196.493954	-254.820996	-95.836692	-92.189046	-104.199700	32.645688	-119.830049	15.008895	-14.575404	-4.041872	-74.934505	-47.308882	19.779306	21.204547	1.000000	
1063.065408	261.965708	-365.186279	-169.442558	3.307063	-127.652210	212.817357	-108.101437	-30.185673	-7.113600	-24.404329	-12.008683	-20.094088	-76.313764	-8.786128	-43.501427	0.000000	
-458.614276	394.606131	371.258283	-225.303545	-197.719168	51.013328	-74.447603	-80.851115	44.510239	47.297722	129.684090	106.745792	15.460017	-22.530584	-39.805673	-52.217194	1.000000	
938.401019	-466.512665	-121.701949	-208.734501	308.600484	64.694536	-150.846195	168.237554	-61.626092	-59.769287	41.751231	-75.676514	-8.109613	1.817176	40.584452	-41.720928	1.000000	
-1601.693322	858.537507	-584.801788	49.337169	176.729562	108.894354	46.667516	79.341010	-11.927058	134.208767	-3.492105	-6.838795	16.498084	29.368170	27.918952	10.712810	0.000000	
-261.039903	824.399495	-373.850152	260.758872	-55.358502	-235.793110	77.701693	97.771166	2.021962	134.525176	99.661978	-136.667411	-37.369854	0.333387	-12.810768	42.065128	0.000000	
640.745530	232.122645	-144.476831	-60.075475	243.635012	33.831282	109.879705	-55.269189	-41.223747	-36.308006	-26.701897	23.101039	-65.917688	-51.243725	5.352362	60.774771	1.000000	
687.893429	-112.070823	90.828256	39.784018	11.135983	65.741778	-19.430577	151.829199	-11.110266	3.042735	57.838490	-24.904352	-0.498873	-8.864293	35.020511	52.720203	1.000000	
1015.617590	-31.041944	-356.006587	368.136676	-3.242184	304.615774	-112.386655	-143.187671	-164.581821	-20.399227	-61.695277	3.104467	-64.370470	-9.252200	-9.663924	-51.617073	1.000000	
-91.741846	-56.377194	787.761548	232.406328	19.385781	239.602381	30.404606	167.539910	180.642397	-61.828289	-183.381920	-67.933637	-75.515793	3.870988	1.593980	-15.122716	0.000000	
160.703946	-259.453928	162.598746	-192.979563	118.549898	-65.497269	-321.048800	53.690939	-52.818584	79.073003	-26.622947	-29.533245	2.703999	-11.270884	14.747250	-33.522684	1.000000	
537.955003	695.171941	92.169072	49.387373	20.343092	70.541091	-173.246683	-77.605946	-121.888715	-49.094914	100.632623	-95.883041	-6.690759	19.376141	-23.705240	-5.486639	1.000000	
1038.803571	-94.326509	-180.975660	-216.748129	-4.785828	-78.451506	-47.844352	15.283811	178.704945	19.216764	27.315912	-21.956197	29.238391	-2.737143	-56.739253	-9.310774	0.000000	
-386.564915	1268.653842	683.633386	174.196770	-224.719547	99.735768	125.188145	103.345899	-85.281933	87.487450	6.226698	3.069601	-2.890455	-113.306595	90.895551	-35.363922	1.000000	
-2229.878169	1261.665576	-91.162581	36.244664	195.475824	82.787261	-103.095788	-12.289377	30.413844	53.201594	-108.319211	60.262335	-27.456609	55.085063	-66.574991	31.564877	0.000000	
1449.246490	-429.071093	-40.091787	115.288186	40.777667	-33.771168	38.675917	22.813980	-164.165247	0.342835	-28.936247	45.226116	-14.412893	17.546608	16.755777	13.077538	0.000000	
-59.489252	203.261067	557.367071	292.636084	55.122491	-0.977891	-202.128354	-126.120636	-39.372408	-114.122018	125.607304	-50.015239	30.682880	10.744293	-21.202105	42.500220	1.000000	
811.751298	-248.321112	-50.639696	71.296386	267.545320	209.818147	-29.709410	-78.763715	32.701149	65.210570	-19.377885	-20.245716	27.510239	-25.822133	20.013644	-18.879536	1.000000	
-994.547249	-343.314510	-298.793887	133.976969	102.780286	-416.905102	68.435443	54.427274	1.959128	-60.725523	-35.191327	50.496822	20.733188	-69.538645	13.168413	33.430100	1.000000	
-97.996689	-93.327475	324.602237	454.680966	233.070358	-8.914230	99.063876	-79.085697	9.990649	6.216757	113.743267	73.018220	21.482936	25.204303	0.311363	10.479983	1.000000	
547.376301	-77.512449	571.710749	-133.530954	114.060706	-220.077341	85.839697	67.065142	-64.683314	68.964938	36.758990	19.121542	-25.214992	24.436469	1.028590	4.744916	0.000000	
-334.409836	-649.137136	-466.051463	50.718217	-125.108604	-150.777916	-47.586383	-162.685727	-13.252964	143.776863	-12.419453	-43.143674	4.217614	-40.388621	0.439885	-5.482877	1.000000	
691.074722	-1280.948257	448.592353	192.829012	18.073722	-226.583149	-1.085096	120.546471	-6.254814	12.810518	7.416353	106.503069	-74.114807	62.837495	-10.813959	-52.474732	1.000000	
-610.543946	141.719362	-314.006793	105.035566	136.179087	-122.337447	-42.588462	-34.271509	-30.066046	3.790276	-22.255103	-42.482796	-33.678109	-69.340671	-7.539170	-34.771134	1.000000	
339.154155	379.989334	439.283183	-100.807297	354.105223	1.703875	96.070434	-61.792716	-26.729617	39.157568	101.043660	4.702793	14.998560	20.703811	48.267397	7.642739	1.000000	
-1322.161475	96.746654	655.465270	-152.000263	6.746923	-56.359736	-52.281447	31.102409	-1.283304	110.114280	-40.821719	49.705472	22.194116	-38.864133	4.438019	25.323486	1.000000	
-2222.421440	-304.383747	-250.828428	-17.431347	-196.697487	136.974235	-66.447881	354.203164	-51.888099	-122.733253	89.064113	17.032979	16.613094	-79.407290	-26.798895	0.488942	0.000000	
-1028.600370	-299.520478	-508.527130	274.073394	-270.011085	-240.554307	96.906209	85.999776	14.105558	-81.079676	-4.981726	4.044223	-14.851296	-2.498570	-2.857787	44.321334	1.000000	
-2195.046114	-212.760350	-69.038480	-257.280009	297.689279	-93.621337	-66.206553	32.691006	-121.062146	-39.520481	8.496654	72.118628	26.611711	-52.166263	-46.134995	9.256329	0.000000	
-2647.971390	227.015763	-385.022586	-49.139767	56.678055	163.175608	-86.316976	-17.544586	-90.719922	-16.039316	3.493492	88.920173	-1.810302	20.344174	11.979952	-12.618362	1.000000	
700.768722	280.274104	249.065641	-52.784819	0.509962	-28.961666	74.833976	-39.328512	-22.205382	-24.795175	26.213070	8.350726	64.196836	-96.447176	-31.685405	-51.693622	0.000000	
177.419745	-84.583980	-193.414514	-166.861892	71.489963	-19.673990	-214.316270	136.028634	101.894943	55.566435	45.647529	-36.323608	24.833230	32.320686	2.974205	4.472206	0.000000	
-425.953943	336.256575	355.254758	70.868116	244.419743	158.588902	47.991909	-70.245781	104.998699	-67.391171	27.612382	-36.429581	-13.848354	-101.981292	-70.360266	51.380973	0.000000	
-642.710124	1166.278768	-252.949963	-222.333286	52.025065	-248.283223	37.210086	-78.122817	76.961453	-135.666961	30.184023	-16.731866	-87.942735	50.990911	63.445601	-14.185034	0.000000	
1239.743625	378.480420	-7.774384	-208.785966	-89.182804	-55.763032	75.523253	-68.387970	20.945798	7.989041	-49.342026	71.953733	-16.079223	4.794867	-86.665227	12.513719	1.000000	
-2994.072403	-1355.004190	331.069151	-364.837381	-104.748389	211.363831	342.599433	-58.234230	-89.250195	47.109041	76.268766	-127.955027	-94.016698	23.398361	-54.035072	10.273821	1.000000	
-973.120438	-84.037726	305.030456	-53.519606	157.479905	-217.887564	14.097366	70.486028	-25.175064	36.077415	-21.760319	-11.418568	-34.360202	-10.077701	-9.342696	-14.054845	0.000000	
551.460937	607.518478	-250.877089	-290.431778	-55.215586	-50.393032	39.687379	50.123739	55.534317	-46.064253	65.661702	-15.334398	-64.564008	-10.579566	-26.620819	-53.028442	1.000000	
636.755441	360.112695	-517.969872	-101.506464	184.597555	302.850754	321.870855	180.091723	55.664407	-5.634145	74.280045	80.353859	30.805931	26.599855	21.521829	-31.173715	0.000000	
1262.840540	-633.263229	-450.856949	218.931924	176.684189	147.548375	69.120621	-66.268996	-108.205053	18.440730	-1.871872	-12.834025	31.881949	4.036104	-7.552965	-25.568147	0.000000	
1098.345509	416.269032	84.267799	-469.791340	115.238700	42.666120	39.923165	-7.711303	-175.942151	-70.343640	-116.349981	-59.058607	65.934840	24.930382	24.788024	37.773741	0.000000	
-1521.171900	447.733149	279.885690	152.819294	53.777061	-243.871633	177.311246	73.106602	-50.863534	-41.019044	-69.835947	-117.035242	155.872641	46.418119	-55.373792	-84.426214	1.000000	
823.782113	-75.768636	291.130701	-121.012748	-200.017764	18.500872	129.642291	26.710632	-62.571972	-14.639888	-14.289870	31.020179	87.970113	32.612449	4.400514	78.426667	1.000000	
-2190.733726	-540.062453	45.722430	-119.363702	-376.379581	19.905262	-14.338220	-256.551211	133.307538	-78.812116	-9.677930	3.564047	45.679186	21.346629	102.165074	-10.862778	0.000000	
879.011892	1005.810592	39.129678	63.361085	-491.308003	56.973551	-27.079039	71.916834	-144.970306	5.857123	3.148166	23.020637	-22.920896	53.275745	-51.656417	-8.504773	0.000000	
